[new.jpg]
filters=retouch=1;
moddate=4783326ad9cacd01
width=600
height=1024
textactive=0
[new.1.jpg]
filters=retouch=1;crop64=1,2e140dc0;
crop=rect64(2e140dc0)
moddate=807531ebd9cacd01
width=600
height=1024
text=1;130;5;LOGIN;Cordia New;0.048277,0.001534,0.027778,0.000000;v1,4294967295,4278190080,128.000000,1.000000,0.000000,1.000000,400,0,49152;;
textactive=1
[new.2.jpg]
filters=crop64=1,71c094ffda0e412;
crop=rect64(71c094ffda0e412)
moddate=0bd7f2f1dbcacd01
width=108
height=55
textactive=0
[new.3.jpg]
filters=retouch=1;
moddate=76206c3fdccacd01
width=104
height=47
textactive=0
